pressure in bar,inlet temperature in K,temperature in K,residence time in s,portion of product in feed,conversion CO2
4.87315,765.964,799.38477,0.13621,0.01419,0.77117
6.61393,768.98,777.65532,0.35209,0.42543,0.62063
1.92475,603.596,637.85452,0.15163,0.01311,0.72793
1.10899,617.788,630.81962,0.29141,0.20416,0.74608
2.71495,664.636,674.13566,0.31155,0.21124,0.818
8.89651,488.156,494.06157,0.17935,0.38674,0.08694
2.15137,529.58,544.84638,0.12318,0.42165,0.20017
1.90423,452.076,452.59709,0.11728,0.45492,0.00569
1.93537,534.516,550.07025,0.34774,0.15968,0.43611
9.18307,762.812,783.74954,0.13404,0.39454,0.66689
6.80239,455.132,456.37019,0.24505,0.27918,0.01801
5.49685,520.772,540.84401,0.2354,0.18995,0.37207
3.41389,540.468,555.25967,0.24016,0.36588,0.44817
8.96257,742.012,757.71953,0.15289,0.47446,0.66084
7.47145,622.508,630.43425,0.3596,0.1848,0.83863
3.83653,791.516,854.97119,0.0811,0.03165,0.6562
7.20055,775.172,797.89042,0.13453,0.38632,0.61173
5.80969,547.716,559.23566,0.35922,0.28362,0.6153
8.26777,691.116,699.99357,0.30792,0.06066,0.88027
7.97437,518.26,557.95169,0.14213,0.07418,0.40318
4.35133,421.62,421.74305,0.04044,0.1604,0.00033
4.45429,713.188,729.12423,0.18746,0.31161,0.74375
4.70971,427.716,427.93093,0.30072,0.47456,0.00568
2.98477,628.404,647.46093,0.16762,0.26159,0.75076
7.22485,516.556,534.59083,0.04931,0.40802,0.10094
4.67965,529.26,541.14776,0.35356,0.30126,0.47107
9.25273,676.428,698.45712,0.1372,0.09394,0.84051
5.93677,653.724,673.85768,0.15086,0.18092,0.80804
2.86507,645.164,652.77751,0.29555,0.44875,0.7547
2.72989,522.836,539.68414,0.38461,0.04725,0.40413
9.22087,504.18,518.86511,0.35578,0.10284,0.31178
9.21385,723.636,745.47537,0.12041,0.30758,0.77105
6.23125,510.292,520.41235,0.13824,0.48805,0.16358
3.09745,472.716,475.55909,0.25014,0.03437,0.02739
2.61937,470.836,472.53549,0.17006,0.38486,0.0222
7.29109,445.26,445.94133,0.18254,0.36395,0.00894
6.75919,522.284,538.53795,0.2364,0.30342,0.38038
3.06073,702.324,732.53086,0.13129,0.00213,0.81387
7.50223,416.428,416.55164,0.2941,0.49437,0.00335
3.00709,634.492,641.48536,0.30316,0.47996,0.74997
1.63873,798.452,845.07698,0.07813,0.24478,0.37837
5.84029,738.86,757.33702,0.18931,0.15733,0.78881
2.42317,699.228,710.67304,0.24988,0.42592,0.65419
3.51091,468.668,470.30475,0.13005,0.40318,0.01756
1.58167,432.54,432.70926,0.0915,0.42868,0.00141
2.93707,680.308,755.00404,0.04405,0.13516,0.71338
4.95739,587.812,597.88012,0.29348,0.36754,0.71644
8.33563,615.3,628.39121,0.26152,0.13072,0.81485
1.96813,497.548,504.98981,0.19129,0.10507,0.06613
2.26225,557.676,567.97894,0.3196,0.41089,0.55274
9.20683,621.644,626.593,0.37573,0.47714,0.79813
8.24833,552.036,564.26288,0.32167,0.29236,0.6397
7.45003,627.228,634.62678,0.36292,0.21004,0.84137
4.25107,713.828,751.66035,0.05557,0.48538,0.54888
4.11607,749.54,767.80869,0.17407,0.38371,0.61136
7.21009,643.524,652.13455,0.28025,0.29626,0.82572
2.55979,468.028,469.90566,0.25424,0.16828,0.02308
8.40493,473.908,477.81644,0.37604,0.13527,0.06836
1.02835,594.676,604.6297,0.38893,0.25394,0.7046
3.08287,472.812,475.69636,0.34709,0.0332,0.038
4.41217,642.1,653.51073,0.27655,0.1119,0.84066
4.11067,671.604,684.45775,0.20768,0.29485,0.79502
3.25909,794.284,808.72139,0.35896,0.12348,0.67164
4.19059,641.812,670.88037,0.0885,0.37725,0.69761
1.93933,710.324,719.70828,0.37327,0.32818,0.67748
8.68141,615.268,629.19261,0.23162,0.19824,0.79639
3.02311,418.612,418.7132,0.10622,0.42258,0.00094
5.32603,507.836,524.44457,0.19331,0.19162,0.20391
6.67135,621.092,676.19395,0.05818,0.20808,0.70413
6.52645,609.884,617.31446,0.393,0.21603,0.82235
4.49587,709.508,753.58729,0.06075,0.34119,0.66499
5.20723,755.796,766.55556,0.36823,0.12729,0.78376
3.07531,731.172,777.13918,0.06248,0.36058,0.5559
8.32933,567.236,584.52238,0.23762,0.22853,0.67901
2.61469,653.236,674.93639,0.14136,0.26036,0.75829
4.57777,497.644,505.92187,0.35076,0.22432,0.18141
8.21899,524.164,553.27834,0.2211,0.0484,0.48239
4.40353,722.756,750.16468,0.12772,0.16388,0.76924
6.04621,595.676,604.85956,0.35825,0.22264,0.78717
7.47325,518.756,531.26236,0.24559,0.39342,0.34636
5.89285,422.308,422.51216,0.26228,0.11588,0.0023
6.70195,539.948,553.77723,0.3961,0.13268,0.6201
2.63449,474.908,476.80156,0.06752,0.32574,0.01012
8.10235,713.996,724.28921,0.27796,0.13206,0.85245
8.22277,616.74,630.04842,0.25366,0.14189,0.81287
2.13913,681.588,724.31582,0.055,0.43454,0.56168
7.24447,510.748,536.55372,0.1831,0.10372,0.289
9.41653,744.82,779.15413,0.10083,0.01774,0.82887
2.05093,706.972,763.21376,0.06446,0.2079,0.64488
2.66419,480.02,483.63676,0.35368,0.1159,0.05702
1.77589,460.38,461.3562,0.10486,0.18438,0.0056
6.95953,431.748,432.06361,0.33376,0.43394,0.00838
6.27553,723.652,735.74722,0.26392,0.14366,0.82584
2.35225,776.332,806.3431,0.11662,0.33288,0.46219
4.26961,535.788,556.47256,0.33587,0.01507,0.55876
7.67899,524.476,544.58086,0.27008,0.15404,0.46475
7.65523,774.604,783.42974,0.31437,0.47873,0.57714
7.28731,514.908,525.50978,0.23814,0.44458,0.29825
7.78807,630.292,667.82497,0.06161,0.41892,0.65349
2.09683,626.748,636.42588,0.37756,0.06435,0.83174
7.67539,738.052,745.7004,0.33731,0.45632,0.68944
9.86599,750.052,756.75221,0.39383,0.43331,0.7104
8.76583,692.692,703.44322,0.26402,0.02742,0.88126
4.80385,566.46,602.14558,0.12061,0.2134,0.59465
8.99749,795.516,804.38744,0.36025,0.40994,0.61126
5.99401,784.804,800.98734,0.19311,0.41502,0.55279
3.70963,766.22,781.3333,0.22573,0.37898,0.56639
6.69151,793.66,806.2776,0.31462,0.25898,0.67794
8.48323,799.356,812.01508,0.22977,0.45638,0.53677
2.05381,733.156,743.18476,0.36476,0.34622,0.61352
6.52105,793.948,806.73413,0.22918,0.45532,0.50824
6.91813,767.972,786.4302,0.22077,0.04494,0.8047
8.48827,463.844,465.80604,0.17869,0.31483,0.02317
9.37657,753.468,785.33281,0.09747,0.23032,0.7523
4.70989,556.684,568.01087,0.30686,0.36822,0.60693
5.35123,481.092,485.29765,0.0958,0.20104,0.02352
3.67651,636.164,700.70811,0.05511,0.10076,0.73711
9.48007,771.644,801.35319,0.10333,0.31782,0.68455
8.30647,569.78,578.1291,0.37164,0.35354,0.71451
1.85509,792.012,817.91339,0.15883,0.2722,0.45123
3.50101,781.212,795.4683,0.28325,0.29878,0.59043
8.53003,434.516,434.97953,0.38492,0.15782,0.0081
1.40005,601.996,630.21925,0.10338,0.40569,0.55522
3.89503,729.956,737.58133,0.37848,0.44516,0.63512
6.49567,732.996,742.36114,0.32865,0.26549,0.78122
2.48851,786.82,827.76314,0.06965,0.3544,0.37865
5.54149,772.084,800.99631,0.11676,0.32664,0.61544
1.13869,570.724,655.76185,0.05579,0.07614,0.55657
3.94597,407.14,407.20528,0.11539,0.07252,0.00033
3.91339,671.828,684.4113,0.25258,0.07032,0.85147
9.93547,754.644,770.10781,0.22231,0.04368,0.8432
6.68107,695.524,707.41909,0.24837,0.06774,0.8644
6.61789,540.06,559.44081,0.23275,0.2489,0.52812
4.02679,504.148,512.76152,0.10242,0.40216,0.08074
9.26569,425.676,425.95068,0.23592,0.11906,0.00283
3.46537,451.772,452.49454,0.22808,0.43404,0.01357
1.33633,527.364,535.7162,0.19919,0.49556,0.19753
9.98839,786.268,800.10322,0.29056,0.03197,0.819
4.09321,655.596,667.69552,0.21868,0.29148,0.80058
6.05089,648.644,656.48626,0.33019,0.19955,0.85074
2.47699,639.828,656.84309,0.18577,0.2436,0.77055
7.51015,597.124,633.22513,0.10292,0.20824,0.69554
6.10291,587.908,594.73978,0.35918,0.4415,0.73242
8.98003,579.612,589.8249,0.23643,0.49356,0.6575
3.03049,672.452,681.5805,0.29727,0.32327,0.7827
1.18279,682.204,696.02281,0.30961,0.0644,0.78993
6.10003,613.02,693.70954,0.04414,0.08352,0.71881
1.82179,795.66,816.16756,0.21356,0.2595,0.46679
5.41261,400.924,400.96559,0.11835,0.36308,0.00037
7.89391,735.148,756.24564,0.16105,0.04082,0.83958
9.62101,655.796,668.08714,0.24039,0.08091,0.86023
2.49823,594.972,611.48856,0.28385,0.07182,0.75433
8.22673,490.532,500.59002,0.33087,0.03638,0.14297
8.93467,776.26,832.08282,0.06546,0.12734,0.72623
7.59511,466.636,469.23478,0.32465,0.14765,0.03925
5.33719,728.476,736.13132,0.34495,0.46598,0.66155
2.76931,476.588,479.70144,0.22342,0.1042,0.0306
9.27523,725.212,734.69666,0.31761,0.03309,0.87336
3.93661,406.652,406.70874,0.08054,0.17237,0.00026
3.12193,666.004,677.0934,0.25698,0.2495,0.80615
7.36975,656.516,686.49777,0.1005,0.1932,0.78673
3.19519,525.196,537.7319,0.16728,0.45748,0.24669
3.49165,498.588,503.84999,0.11758,0.49595,0.06785
7.66603,513.588,558.65657,0.13551,0.01591,0.38871
9.81847,719.692,780.57584,0.05265,0.00702,0.81476
7.95259,480.46,486.33767,0.15039,0.02321,0.03558
3.99259,404.132,404.19129,0.28957,0.09074,0.0007
7.81291,651.676,659.35962,0.35464,0.09264,0.8742
2.35117,756.276,822.91351,0.078,0.00982,0.66856
5.80645,455.172,456.00405,0.04761,0.34596,0.00359
1.76329,746.548,767.69463,0.25415,0.0163,0.7344
7.39171,533.54,545.60673,0.24168,0.45432,0.44505
3.23695,706.012,719.95164,0.2498,0.16008,0.79616
1.76455,591.372,603.71195,0.27411,0.33951,0.67183
1.60237,773.764,797.7356,0.19498,0.22022,0.53321
1.88407,661.46,679.96087,0.20169,0.08267,0.80845
9.79183,731.756,743.49682,0.19604,0.4762,0.70123
3.54997,707.7,717.79658,0.33021,0.1905,0.79865
8.31817,441.028,441.57871,0.37474,0.44372,0.01681
1.85995,477.5,480.48559,0.25351,0.00518,0.02774
5.26285,485.404,489.74314,0.17721,0.39316,0.06241
2.43595,726.268,746.67867,0.20429,0.14349,0.7404
5.85469,573.964,593.53068,0.1794,0.3274,0.63293
3.42829,649.86,683.83498,0.08919,0.25724,0.73512
5.10409,446.252,446.76614,0.09027,0.4937,0.00498
1.68121,604.116,623.88056,0.24728,0.04866,0.74946
9.49141,776.756,787.45748,0.25185,0.47708,0.59942
6.38407,517.164,527.80929,0.34075,0.34683,0.38339
7.98283,628.244,639.95108,0.20113,0.4023,0.76398
4.19815,604.62,621.35457,0.16656,0.40012,0.68179
9.57025,667.436,686.79151,0.1697,0.00042,0.85932
2.32417,702.028,728.33406,0.15926,0.00782,0.80442
6.03973,461.564,463.05917,0.07453,0.2012,0.00675
5.52133,599.404,640.83475,0.09717,0.14919,0.70401
3.09331,609.004,621.44498,0.27424,0.22782,0.76709
4.86271,553.98,567.53909,0.38582,0.11975,0.67251
1.72315,656.388,663.06619,0.37528,0.45844,0.7057
4.54933,725.788,735.26953,0.36574,0.16044,0.8043
2.21995,417.268,417.36407,0.2784,0.3933,0.00195
9.37765,659.388,664.16261,0.38136,0.43941,0.82524
1.94851,723.78,745.60013,0.19192,0.18747,0.69926
1.50877,556.292,582.29953,0.21614,0.12564,0.51772
2.23957,502.364,509.54993,0.39036,0.23658,0.17735
2.53999,479.676,482.22211,0.36697,0.38401,0.07055
2.99791,780.852,832.53517,0.0759,0.2328,0.52704
5.65615,720.66,728.2464,0.34353,0.44112,0.70362
9.51283,678.436,734.35454,0.0437,0.26655,0.73668
5.47291,784.964,809.27069,0.18403,0.11681,0.72603
5.14567,617.708,625.60164,0.26785,0.48222,0.74541
8.20117,403.7,403.74557,0.05938,0.43878,0.00028
5.81383,401.284,401.3381,0.29823,0.06294,0.00063
7.56847,470.348,472.43442,0.37105,0.4993,0.07678
9.52993,407.94,408.02837,0.32103,0.2414,0.00151
4.72501,456.228,457.23574,0.0648,0.20227,0.00409
2.06551,456.3,456.99328,0.12236,0.42752,0.00738
3.59857,649.444,666.48811,0.16925,0.26928,0.78051
7.80283,717.276,751.8053,0.09614,0.02588,0.83296
3.11581,626.468,653.23413,0.15167,0.07842,0.77767
9.94411,653.116,678.80088,0.10575,0.27269,0.77563
8.10487,795.02,805.63103,0.30627,0.40226,0.5996
8.40079,490.18,498.97032,0.31328,0.13374,0.13997
2.97883,592.188,619.18736,0.19528,0.00886,0.73724
7.42087,718.828,727.41573,0.28714,0.42494,0.73979
7.14907,410.156,410.24133,0.09955,0.19246,0.00047
6.73255,724.636,769.71584,0.0476,0.44167,0.60497
6.70843,564.38,643.98826,0.04512,0.18572,0.5871
6.82921,681.636,689.82893,0.32834,0.1056,0.87205
7.53373,481.452,487.0263,0.09511,0.04425,0.02352
7.56217,682.708,698.29695,0.16399,0.2634,0.81515
7.08913,680.172,693.48523,0.17103,0.38382,0.78192
9.85879,755.34,787.2112,0.09938,0.19964,0.76674
5.54761,497.02,508.26921,0.39928,0.0289,0.20249
9.12889,616.908,632.74006,0.23146,0.08036,0.81705
4.72285,719.684,806.08864,0.04167,0.04602,0.73341
4.31515,591.988,602.50972,0.27955,0.36804,0.71638
9.95383,435.932,436.36954,0.29774,0.42558,0.01026
9.41185,712.356,726.30889,0.19478,0.18612,0.83775
7.99363,531.58,549.50484,0.37125,0.03476,0.58592
5.75065,739.364,748.80117,0.32391,0.35408,0.717
1.83241,774.756,798.68131,0.11435,0.40514,0.34915
2.25199,795.876,807.63068,0.31345,0.35366,0.42861
2.35333,496.876,501.95788,0.39258,0.3413,0.14996
3.08953,540.476,551.54423,0.30352,0.40356,0.46916
6.63373,640.5,674.20938,0.09799,0.16748,0.77132
1.31239,642.668,660.59384,0.24119,0.00484,0.80883
3.17287,770.276,782.72789,0.37929,0.14243,0.707
7.28533,486.78,494.79803,0.10396,0.0014,0.03422
4.26187,607.084,630.37587,0.16283,0.18697,0.73682
8.43463,559.284,606.02885,0.0877,0.21375,0.58035
1.92997,676.588,694.48972,0.1478,0.44362,0.63917
1.85275,727.916,742.37148,0.31696,0.10908,0.74157
1.59805,531.036,539.48779,0.3992,0.38278,0.37765
6.50431,799.5,812.32205,0.28437,0.3458,0.59949
7.06609,779.572,808.45188,0.15144,0.01015,0.78991
6.86557,665.908,678.5212,0.23155,0.09744,0.8568
6.14269,699.764,744.9191,0.05774,0.29468,0.72293
4.38985,608.532,626.98326,0.12509,0.49454,0.63112
4.01347,535.564,547.10089,0.33394,0.34382,0.48748
3.56491,416.548,416.67803,0.26162,0.0236,0.00125
4.60531,479.684,482.41986,0.12533,0.47478,0.03411
7.86313,570.964,587.48257,0.26882,0.15296,0.71653
9.68995,505.692,519.21243,0.21931,0.30098,0.23972
1.17343,791.876,836.98601,0.14067,0.01884,0.55667
4.47391,524.324,541.54259,0.3912,0.04612,0.48016
9.81685,588.164,599.60689,0.22972,0.42862,0.6981
2.91997,673.54,721.36814,0.05358,0.35432,0.6513
8.99155,703.652,727.97193,0.11567,0.17128,0.82117
7.39621,539.004,558.14535,0.27999,0.15322,0.57424
6.05395,764.652,780.84884,0.21797,0.28562,0.6984
5.58055,458.252,459.62926,0.30783,0.28952,0.02543
3.35377,526.684,544.03921,0.24553,0.24406,0.36645
2.93167,590.076,599.00532,0.36553,0.30199,0.73794
2.82205,578.244,597.90105,0.21221,0.23848,0.64862
8.38279,736.764,760.68854,0.12774,0.20779,0.7866
1.20133,520.436,532.58577,0.20944,0.22834,0.16322
7.43185,765.78,775.45365,0.36519,0.24065,0.75325
6.49117,586.716,599.80557,0.28817,0.19812,0.7525
6.31459,530.7,619.27146,0.05126,0.09291,0.52483
2.30041,560.34,575.60714,0.25792,0.31787,0.55666
5.74795,484.652,489.60492,0.15554,0.29491,0.05123
6.28237,778.644,816.61471,0.09382,0.26536,0.64089
6.38047,764.22,784.5366,0.14532,0.40823,0.60911
4.29949,434.404,434.77813,0.34047,0.20383,0.00632
4.60549,557.26,572.83044,0.35164,0.08432,0.67909
3.13867,704.54,718.07626,0.26387,0.11634,0.81086
4.99879,418.452,418.56995,0.06861,0.26225,0.00056
8.50105,743.636,753.0207,0.34695,0.11817,0.83532
8.35147,666.7,681.96424,0.16441,0.28121,0.81134
3.93049,766.804,805.32023,0.12167,0.05684,0.72671
9.02989,760.932,780.61795,0.18003,0.10722,0.80764
7.59763,670.66,677.83997,0.32404,0.25684,0.85045
8.67655,516.052,537.01492,0.24939,0.14526,0.38743
3.38725,646.892,655.36586,0.31699,0.25513,0.82159
3.33379,690.356,755.30573,0.05802,0.01533,0.77413
6.65893,564.836,578.61759,0.28281,0.27031,0.67093
7.59709,563.06,574.19684,0.27824,0.40246,0.63916
1.75501,564.156,605.12593,0.06438,0.37706,0.36935
8.76439,482.564,487.07873,0.24909,0.38696,0.08969
5.38435,760.988,776.63776,0.18052,0.45348,0.56465
2.39941,638.18,652.84883,0.26091,0.03247,0.82798
8.89363,753.868,763.13552,0.31745,0.35351,0.73384
3.66535,720.828,729.43696,0.39483,0.24717,0.76409
2.50615,654.004,682.69366,0.11445,0.21364,0.75387
9.10405,523.252,541.34484,0.14286,0.41828,0.30941
4.21075,512.572,521.72676,0.36192,0.34664,0.31306
9.63073,402.788,402.85075,0.22486,0.16606,0.00067
3.42451,513.452,532.23212,0.29007,0.04793,0.2912
2.48725,774.676,817.21154,0.11326,0.13824,0.60993
4.31461,489.164,494.58769,0.28817,0.29322,0.10308
8.28793,628.1,633.61522,0.36683,0.41392,0.81369
7.41781,481.06,484.9529,0.11282,0.38598,0.03639
7.92235,703.188,717.74045,0.19942,0.10268,0.8538
9.62479,749.932,757.06279,0.39861,0.35332,0.7529
7.62481,558.94,571.62519,0.26362,0.37432,0.62174
7.81849,766.708,780.54943,0.25565,0.22114,0.75684
3.73375,486.924,490.87406,0.10234,0.38172,0.03367
5.74867,406.508,406.58183,0.38588,0.21004,0.00141
4.35979,498.62,509.24332,0.23099,0.15098,0.13026
3.70207,687.228,696.97695,0.29406,0.26634,0.79886
1.97659,587.956,596.42094,0.38869,0.3261,0.71471
8.09857,551.508,560.98274,0.38298,0.329,0.65364
7.14763,670.412,679.41552,0.25073,0.34284,0.81745
8.66539,530.868,560.48592,0.04927,0.45512,0.2099
4.48093,566.588,576.9716,0.31579,0.37428,0.64992
8.80705,592.7,603.98082,0.24142,0.39484,0.71985
6.01165,743.604,802.84066,0.05133,0.25462,0.66187
1.47565,404.292,404.32779,0.12162,0.29924,0.00029
4.81915,692.724,699.33014,0.35901,0.44721,0.74096
6.69655,771.716,789.95989,0.17264,0.38076,0.62619
1.89235,410.828,410.88403,0.18636,0.45248,0.0009
8.32105,402.716,402.76416,0.05564,0.11126,0.00015
3.06739,574.268,594.81311,0.23438,0.14926,0.66926
6.82093,761.788,772.23082,0.37223,0.07428,0.81376
4.67803,606.692,641.40654,0.09471,0.28519,0.6722
4.20715,468.836,470.64635,0.31593,0.42738,0.04678
2.62423,686.692,727.27903,0.08039,0.22806,0.71719
8.92153,444.812,445.47445,0.08497,0.27344,0.00378
9.49195,643.852,651.18489,0.33438,0.22214,0.85316
7.44913,424.5,424.65454,0.04375,0.37608,0.00067
6.96961,620.396,648.20602,0.09151,0.40523,0.67244
9.92737,715.628,730.2178,0.1832,0.21437,0.82902
6.75433,572.636,583.85349,0.32079,0.27806,0.71193
2.02339,668.5,682.61592,0.17037,0.49183,0.63781
5.47453,705.692,716.21318,0.2531,0.3509,0.76673
7.48747,528.316,543.71801,0.22751,0.36293,0.42011
2.66635,750.596,778.66372,0.15233,0.19383,0.66354
9.80461,695.332,701.01418,0.367,0.40892,0.80898
3.52585,551.236,584.86372,0.0517,0.46778,0.27762
4.98709,640.188,653.37611,0.17566,0.42128,0.74939
8.38999,662.092,667.0912,0.39454,0.37696,0.83797
1.13545,783.82,795.70785,0.24383,0.3796,0.29385
8.12719,612.46,623.45622,0.26521,0.26954,0.79023
4.70881,598.796,621.15094,0.20409,0.05262,0.76525
8.31025,577.076,599.40888,0.19814,0.14554,0.71127
1.34821,463.9,464.80689,0.12377,0.34607,0.00818
6.28561,550.708,568.84489,0.26325,0.19796,0.61262
7.58791,459.204,460.69084,0.08629,0.17013,0.00711
5.34259,641.884,682.99027,0.09634,0.00554,0.7994
2.31391,774.684,830.5999,0.08013,0.16288,0.55159
4.93741,706.22,730.00757,0.10831,0.3957,0.69603
1.22491,519.892,530.62083,0.18131,0.2987,0.14138
8.60851,627.26,632.07273,0.37485,0.48622,0.80028
7.68223,529.02,545.43944,0.29663,0.22025,0.49938
3.58111,486.796,491.85895,0.31814,0.20984,0.08854
5.12191,736.316,747.18772,0.3213,0.18906,0.78576
7.46731,486.388,492.13354,0.12157,0.30238,0.04871
3.45781,448.34,448.9656,0.06374,0.11747,0.00215
9.79759,515.82,600.66593,0.0617,0.0425,0.50358
5.15971,441.884,442.47138,0.24733,0.20665,0.00743
5.30767,563.428,573.16333,0.38964,0.27555,0.69343
4.42981,646.62,673.85483,0.11647,0.20577,0.77175
4.73833,512.372,523.75194,0.28333,0.32146,0.28103
6.99517,524.804,549.99483,0.15592,0.2614,0.36616
8.51617,404.196,404.26543,0.25467,0.10496,0.00075
1.67113,756.492,774.8957,0.26416,0.18066,0.62623
9.04879,585.988,599.12118,0.29748,0.15006,0.77124
5.70457,595.132,604.88295,0.37297,0.14645,0.79864
1.36333,510.476,518.61735,0.17734,0.28918,0.09831
7.11037,405.508,405.57965,0.23238,0.1431,0.00076
3.45979,620.1,627.95194,0.32391,0.35844,0.78219
5.25835,712.796,721.27849,0.36932,0.14652,0.83373
9.35929,689.956,709.30764,0.13702,0.21048,0.82426
5.86675,764.828,780.17123,0.23604,0.26799,0.70671
8.93125,778.268,808.18888,0.11259,0.26765,0.69636
6.97465,592.596,602.78881,0.2555,0.42456,0.71215
4.19725,702.116,711.72216,0.34824,0.0376,0.85634
3.81871,702.22,712.0067,0.31545,0.24238,0.79243
1.20259,432.412,432.59672,0.16208,0.28886,0.00186
7.79545,727.292,751.8675,0.13783,0.01204,0.84552
4.43593,617.084,627.06845,0.30391,0.23443,0.80056
5.40289,460.7,462.39871,0.2947,0.1661,0.02385
7.66477,741.572,761.21762,0.14738,0.33176,0.72779
3.76885,596.484,636.88954,0.063,0.4186,0.54903
5.46499,710.444,722.21838,0.24123,0.29572,0.78057
4.71313,420.308,420.43422,0.13138,0.49212,0.00165
8.22907,547.892,560.15713,0.23706,0.45789,0.53555
4.99915,751.212,760.93338,0.33522,0.36628,0.66901
2.72593,769.932,787.99199,0.19074,0.37491,0.50054
6.57811,424.204,424.43498,0.3441,0.20248,0.00392
2.38303,759.988,787.22367,0.12022,0.36949,0.48342
3.52351,743.46,751.774,0.38619,0.40794,0.61527
2.10691,522.188,540.88582,0.13013,0.2563,0.1775
3.95803,403.26,403.31574,0.22466,0.03293,0.00047
7.96717,528.108,547.45848,0.25177,0.21195,0.47545
6.91291,618.804,651.36524,0.12923,0.02598,0.78691
9.34543,453.892,455.10994,0.18667,0.29835,0.01434
1.58779,513.108,521.90705,0.24225,0.31345,0.15811
2.62621,793.876,816.55315,0.2502,0.05828,0.66925
3.66553,561.94,583.49301,0.27594,0.03422,0.67029
8.08543,447.244,447.95595,0.26132,0.49049,0.01738
8.34661,779.14,791.4076,0.26183,0.37062,0.66051
5.55031,604.668,620.7045,0.18873,0.33094,0.72219
9.64189,722.292,740.68338,0.16806,0.03406,0.85986
8.73559,739.748,751.89789,0.26036,0.1356,0.83067
3.18223,615.908,649.23724,0.13727,0.02154,0.7658
4.61809,594.228,601.55922,0.32203,0.46756,0.71947
6.64093,486.916,492.57796,0.35142,0.27725,0.12927
2.21797,457.884,458.91867,0.15244,0.13468,0.00746
1.45549,790.644,804.33153,0.39103,0.17466,0.54139
9.86203,799.116,840.95934,0.09443,0.13599,0.72161
6.82741,677.308,703.1364,0.08674,0.41201,0.72581
4.33603,646.244,659.27398,0.26883,0.00148,0.85573
2.36683,601.852,623.87764,0.21717,0.05431,0.74955
9.62605,476.9,480.75955,0.09383,0.25855,0.02365
3.46033,458.316,459.48461,0.32869,0.3018,0.02345
7.17031,556.188,589.85774,0.08202,0.4113,0.45408
7.30243,550.804,569.02197,0.29557,0.10988,0.65282
4.47103,705.748,717.0707,0.30029,0.0237,0.85587
5.17843,554.004,567.80014,0.33936,0.19722,0.64761
2.99449,571.1,588.2522,0.30448,0.09244,0.69285
9.51967,694.276,702.04941,0.3429,0.03696,0.88985
6.46255,575.908,595.69993,0.12871,0.48007,0.55556
1.26073,758.18,768.84899,0.2999,0.40347,0.38755
1.50445,536.676,550.00442,0.31374,0.27399,0.38509
3.31489,547.612,563.97082,0.33197,0.14786,0.58681
7.17067,492.604,500.3029,0.05971,0.20904,0.03065
2.53441,593.276,614.0228,0.23489,0.06959,0.73476
6.88231,713.044,721.003,0.38662,0.01428,0.87664
9.33625,506.772,521.9921,0.39437,0.06943,0.36335
9.58537,621.532,661.75245,0.08659,0.16285,0.7469
3.67795,767.172,788.95426,0.12792,0.44558,0.46987
6.76279,743.124,752.26551,0.33305,0.33414,0.73752
4.28689,624.412,634.33816,0.30198,0.21578,0.81243
6.79357,435.308,435.77326,0.21268,0.03304,0.00377
1.41607,424.844,424.99376,0.29413,0.14867,0.00199
5.20597,668.836,677.03465,0.29388,0.31265,0.81948
9.37243,526.268,548.87267,0.08559,0.45246,0.25302
5.60935,558.172,578.86289,0.1711,0.35102,0.55161
8.92927,498.292,514.47656,0.14846,0.11826,0.12579
7.98139,622.796,632.04508,0.34096,0.10576,0.84566
9.53443,672.268,692.85375,0.15834,0.0029,0.85848
8.77897,792.068,814.67912,0.17875,0.13557,0.75226
7.53877,462.292,463.76132,0.24604,0.492,0.03467
5.77801,549.812,560.07041,0.39735,0.27986,0.64101
5.50405,631.068,644.24371,0.22817,0.2179,0.80503
8.16553,456.068,457.51622,0.23299,0.19322,0.01709
5.93767,708.188,734.28591,0.12423,0.0989,0.82061
2.15119,769.012,804.73439,0.12016,0.2285,0.55098
5.98951,652.012,657.03718,0.37499,0.47309,0.79714
1.33939,409.556,409.61651,0.30532,0.07064,0.00073
9.77977,724.876,732.89197,0.36978,0.00848,0.88285
3.00583,524.284,539.60993,0.33045,0.17516,0.38839
7.08823,468.572,470.98084,0.19704,0.30446,0.03063
4.55257,599.044,622.8578,0.19601,0.03827,0.76434
5.21353,442.236,442.70915,0.07713,0.3147,0.00272
5.44501,600.428,659.40996,0.04787,0.31342,0.60771
4.62619,512.148,524.52906,0.38704,0.18042,0.34112
9.69085,488.684,493.4354,0.3841,0.457,0.18461
3.47545,444.62,445.30391,0.35811,0.02512,0.00888
2.12563,553.812,589.4628,0.17587,0.04378,0.55342
8.87527,676.252,684.162,0.26962,0.36114,0.82312
8.95087,669.972,680.39599,0.18633,0.4732,0.77116
2.13733,744.476,771.49647,0.16416,0.1811,0.66074
8.81029,445.652,446.31264,0.08304,0.33514,0.00419
7.03603,676.132,683.70906,0.26685,0.46292,0.77693
2.77759,720.836,754.41527,0.10389,0.2664,0.66875
4.73617,760.284,768.91637,0.36919,0.41388,0.6063
7.09381,746.204,792.14988,0.07599,0.1212,0.76236
1.42291,453.66,454.1252,0.04442,0.28169,0.00168
1.19125,528.964,550.21577,0.21659,0.08774,0.25781
9.00523,591.82,606.47247,0.28899,0.05814,0.79446
5.48443,771.14,816.28701,0.05697,0.40576,0.49901
4.94551,421.788,421.96064,0.14774,0.18961,0.00133
6.41107,590.108,605.99577,0.24428,0.18242,0.74762
2.94877,684.124,693.1798,0.33949,0.21672,0.80766
8.74999,483.204,487.52693,0.22145,0.43468,0.08538
7.22773,673.524,683.53989,0.24887,0.2376,0.84059
5.97403,732.5,741.72711,0.36846,0.11556,0.82793
5.93047,783.3,793.95531,0.27932,0.45414,0.53157
3.49525,582.908,589.19269,0.39848,0.45926,0.7068
4.52953,447.308,447.9227,0.26294,0.46704,0.01421
5.85991,418.508,418.66386,0.14929,0.04774,0.00094
5.41621,722.268,730.48847,0.35038,0.35083,0.74708
3.14551,646.476,654.86377,0.38783,0.0226,0.86619
6.77989,486.468,493.02897,0.21262,0.19672,0.07633
5.65489,502.98,514.68637,0.29346,0.20365,0.21915
3.44215,437.388,437.76973,0.19444,0.26192,0.0043
4.00015,704.324,737.28868,0.1059,0.11128,0.78924
3.70243,789.948,817.52191,0.06354,0.4984,0.28852
6.91453,747.572,790.92451,0.07257,0.2488,0.7043
8.44489,476.596,480.17275,0.35054,0.33984,0.08817
4.94371,420.724,420.89361,0.19728,0.16058,0.0016
3.43711,654.964,665.51231,0.25182,0.2958,0.80063
1.88137,608.508,619.28128,0.39588,0.04104,0.80564
1.59193,722.676,746.10493,0.13031,0.40804,0.50248
3.72709,766.484,785.46629,0.2031,0.28958,0.62869
9.69805,747.092,755.58732,0.3512,0.25388,0.79774
1.42489,681.34,712.19849,0.08361,0.44406,0.54013
1.05427,516.996,526.37484,0.26172,0.23571,0.15495
8.61175,413.788,413.88091,0.04533,0.14909,0.00027
6.81571,400.228,400.26512,0.08714,0.47763,0.00033
2.85301,483.372,486.79566,0.24739,0.33092,0.05807
3.77461,791.732,807.7944,0.31713,0.09768,0.70279
5.03767,689.332,759.79548,0.0452,0.08952,0.76238
3.62053,559.092,571.52999,0.37863,0.18489,0.66445
4.57957,403.996,404.03493,0.0509,0.4128,0.0002
7.49341,516.94,556.89184,0.15075,0.03999,0.40223
8.24671,706.932,738.52898,0.07132,0.40594,0.70869
4.74175,690.484,721.84821,0.06511,0.49441,0.62092
3.64879,432.596,432.88514,0.33184,0.36088,0.00649
5.54941,592.34,605.27719,0.29123,0.18046,0.7646
7.13143,767.764,780.49239,0.30537,0.11339,0.79288
6.25627,585.972,606.71624,0.1677,0.29921,0.67523
3.06253,779.7,803.51248,0.158,0.32017,0.52896
7.16167,464.348,466.31074,0.07891,0.10922,0.00786
8.27389,550.252,566.08051,0.2664,0.26449,0.61278
9.33733,708.604,717.22594,0.25993,0.41968,0.77526
3.26251,610.372,618.33814,0.32359,0.38501,0.75937
8.99065,432.252,432.59806,0.10558,0.23698,0.00219
4.02103,693.044,725.79116,0.06485,0.48488,0.60316
1.56385,470.476,472.13958,0.2994,0.20706,0.02559
7.58485,402.076,402.13391,0.18529,0.05391,0.00043
7.05889,411.196,411.28832,0.13483,0.27802,0.00078
4.06945,472.484,474.19558,0.06363,0.4457,0.01137
2.21779,598.156,619.38905,0.22686,0.0699,0.73802
7.19605,735.124,752.19236,0.1671,0.3397,0.73411
6.93271,693.004,713.1431,0.10089,0.49983,0.68599
7.08895,491.868,497.11,0.12912,0.49522,0.07345
7.26481,610.876,624.32681,0.26618,0.12186,0.80803
9.80119,779.932,817.43564,0.09066,0.22636,0.71121
8.48377,527.004,534.67617,0.36329,0.48954,0.47585
2.03023,699.636,713.38418,0.2651,0.22046,0.74749
6.59989,617.204,623.41149,0.39558,0.31144,0.82001
7.49881,659.7,665.32186,0.33904,0.44895,0.80752
1.00441,798.18,817.18474,0.33237,0.07587,0.5365
2.65843,755.868,778.36184,0.20602,0.13746,0.69706
2.69551,627.34,670.61282,0.06593,0.33239,0.64811
6.22153,746.036,756.95036,0.24327,0.47378,0.62098
8.44759,580.3,620.00819,0.11351,0.1138,0.69201
5.41405,455.852,457.08215,0.12338,0.13573,0.00741
3.52297,562.212,613.80836,0.09961,0.09399,0.59836
3.07729,696.324,712.00432,0.20218,0.2596,0.76232
9.86077,487.684,492.88904,0.09026,0.4405,0.04629
9.30691,680.476,686.39513,0.33988,0.40145,0.82042
4.90339,569.348,616.59554,0.11189,0.05032,0.65924
1.29205,753.764,777.27381,0.1526,0.33642,0.44249
6.07375,599.588,608.9353,0.28966,0.37154,0.74916
5.26753,485.1,490.80148,0.16732,0.17404,0.04999
8.28001,457.988,459.704,0.22388,0.08447,0.01609
4.85587,764.348,814.51598,0.05787,0.34796,0.54137
3.74257,415.012,415.09027,0.04578,0.25835,0.00028
4.96819,639.572,648.73548,0.29653,0.22878,0.82906
9.15895,497.276,507.13951,0.38751,0.19691,0.24453
2.35081,650.844,658.91855,0.34218,0.28466,0.80193
2.21815,448.164,448.68243,0.18828,0.39308,0.00743
6.64651,682.732,688.74052,0.37529,0.35604,0.81791
4.15513,552.62,588.49869,0.17435,0.02199,0.60991
2.67337,681.604,707.82991,0.14686,0.0102,0.82131
4.08349,417.908,418.01709,0.07316,0.2702,0.00055
5.21749,476.188,478.92321,0.27661,0.42346,0.063
6.95053,692.916,701.73134,0.28667,0.26147,0.83078
6.50719,637.396,650.43995,0.24435,0.11602,0.83518
9.79417,744.924,760.63874,0.20822,0.06388,0.84486
8.42077,414.308,414.44916,0.35042,0.0154,0.00175
3.14695,569.732,602.45059,0.15507,0.12618,0.62602
5.94631,641.964,653.65272,0.23764,0.22968,0.81984
3.91753,577.508,597.74144,0.17145,0.33934,0.61611
9.12061,793.38,809.50676,0.25687,0.09284,0.78087
4.02949,518.42,538.01828,0.29474,0.08206,0.36485
8.97391,660.844,676.41914,0.13579,0.43536,0.75878
2.42911,403.516,403.5649,0.3834,0.16365,0.00085
5.55895,741.268,763.22005,0.17569,0.03088,0.81816
1.37719,713.652,726.37986,0.336,0.20414,0.69683
8.51653,720.692,727.91857,0.3641,0.29958,0.80791
6.86575,725.604,739.62766,0.23111,0.09442,0.83842
2.35243,432.324,432.5959,0.16506,0.09706,0.00196
1.95013,700.916,760.67284,0.04945,0.31038,0.5678
8.04583,658.364,678.64603,0.15695,0.09298,0.83406
3.97783,546.836,562.28178,0.25659,0.31954,0.52572
7.61599,797.556,854.54178,0.0713,0.1384,0.67132
7.65289,438.38,438.92177,0.20791,0.15406,0.00531
5.92687,480.1,483.63542,0.39869,0.37139,0.10736
9.73387,505.436,520.88138,0.36582,0.08288,0.33814
8.32015,775.268,788.48667,0.3029,0.03749,0.81846
7.55587,742.964,754.74996,0.25796,0.29614,0.75988
1.25695,712.06,728.42831,0.20206,0.39392,0.53797
1.43155,460.636,461.62631,0.32411,0.21066,0.01635
6.39703,419.748,419.91975,0.16691,0.08948,0.00123
2.85121,581.028,591.1624,0.31072,0.37556,0.6751
7.54903,568.012,574.18066,0.39527,0.48614,0.68619
2.47321,538.172,584.08269,0.13527,0.03388,0.46985
4.21021,590.716,609.24094,0.19454,0.27435,0.69297
3.75049,704.892,719.60909,0.24312,0.03796,0.83883
3.97207,732.644,742.28985,0.38057,0.18604,0.77548
3.61243,439.164,439.58044,0.23067,0.32356,0.00619
6.03433,699.708,761.18004,0.05556,0.0097,0.80174
6.42295,593.956,604.90821,0.37795,0.03696,0.81413
5.22883,628.948,694.67912,0.04321,0.24546,0.68057
2.87353,575.892,583.01163,0.35959,0.48432,0.65388
4.50811,488.66,492.93326,0.08134,0.40696,0.03198
1.98937,652.484,673.38888,0.13009,0.38794,0.69196
7.05223,676.092,685.03086,0.31246,0.05374,0.87906
3.16837,779.1,795.66795,0.31488,0.05336,0.72729
5.80177,599.692,618.45942,0.2362,0.03874,0.78612
1.84321,770.116,787.70137,0.31426,0.0812,0.6721
7.20271,749.604,765.86172,0.2063,0.21418,0.77279
6.03649,771.156,785.62774,0.22339,0.38354,0.62151
7.84855,695.716,714.19342,0.13873,0.28275,0.79936
3.72745,552.228,592.08736,0.16201,8e-05,0.60543
7.60735,622.428,630.1279,0.36944,0.17888,0.84146
3.49993,544.844,609.03635,0.05845,0.2159,0.44575
6.55597,627.532,659.56576,0.10197,0.21902,0.7444
9.46261,544.724,582.39754,0.13957,0.12053,0.57952
4.37995,447.22,447.95361,0.11057,0.07092,0.00359
2.31355,572.348,585.82127,0.20982,0.46314,0.54817
6.33835,644.548,651.55634,0.2929,0.42582,0.79944
2.36737,670.364,680.63977,0.31285,0.16256,0.81947
9.33319,414.532,414.66395,0.27297,0.26055,0.00201
5.75875,455.412,456.37019,0.0874,0.38216,0.00701
2.90431,567.828,583.14632,0.25212,0.30745,0.61188
7.12441,615.756,627.60719,0.25721,0.23468,0.79576
8.28865,461.492,463.30596,0.38658,0.29677,0.04282
6.10183,596.348,614.50203,0.15746,0.39344,0.67085
2.44531,751.292,798.35422,0.10539,0.04589,0.69649
9.76051,409.604,409.69491,0.09912,0.07898,0.00041
2.68183,706.116,720.2285,0.27453,0.05703,0.8167
3.19915,495.876,499.99485,0.39185,0.48564,0.17202
9.50581,710.996,717.70906,0.34763,0.36794,0.80205
7.37551,504.652,516.07478,0.08565,0.39513,0.09252
5.31559,580.916,653.53118,0.05181,0.16043,0.63423
2.96155,631.924,644.24037,0.29331,0.06443,0.83066
9.69697,432.972,433.35642,0.25067,0.34627,0.00646
2.27089,435.292,435.59638,0.25873,0.24532,0.0043
7.89337,648.084,655.9509,0.24695,0.46542,0.78534
4.37005,756.212,766.31897,0.35207,0.32544,0.66882
4.82293,517.956,526.57436,0.27331,0.48612,0.30795
5.49649,712.748,757.68123,0.06308,0.27358,0.7147
4.54789,563.548,610.50776,0.09315,0.18584,0.57826
7.94611,603.388,634.5042,0.1211,0.1782,0.72866
1.62271,604.076,624.53562,0.14355,0.4098,0.60915
5.38471,746.348,800.32948,0.05923,0.25448,0.65628
5.60611,760.94,785.17052,0.15458,0.20968,0.72139
5.23711,511.068,521.33641,0.20362,0.42875,0.21653
1.85329,720.316,755.20799,0.09869,0.3158,0.58176
4.24081,577.828,589.55888,0.31982,0.25652,0.71176
5.07961,789.148,809.42592,0.23939,0.0524,0.74857
1.39627,774.42,822.71143,0.08965,0.19786,0.46308
9.73369,541.252,574.67302,0.18021,0.053,0.59755
4.97395,462.556,464.10253,0.1234,0.27384,0.01209
3.55609,756.452,814.42656,0.05688,0.27962,0.55452
4.48363,485.468,488.99997,0.09161,0.44606,0.03171
7.68457,511.332,524.7903,0.24201,0.31883,0.28937
3.28285,701.756,722.11719,0.12968,0.43072,0.64948
1.87543,676.908,686.50027,0.36943,0.11856,0.81741
3.17629,572.228,614.67784,0.12601,0.06662,0.64408
5.42161,460.764,462.43349,0.26737,0.18996,0.02234
8.61949,447.252,448.00624,0.34402,0.46498,0.02246
8.25751,723.428,737.85048,0.16524,0.44321,0.71311
5.27977,577.092,599.2575,0.20552,0.14831,0.6958
3.21877,738.308,756.73251,0.14025,0.48444,0.50492
4.77919,517.828,541.2073,0.23569,0.09008,0.35236
5.32891,758.692,795.70817,0.09732,0.2312,0.68288
6.05665,734.748,762.38303,0.12566,0.13046,0.78926
3.54943,407.38,407.45123,0.3136,0.10301,0.00093
1.43065,556.604,564.83064,0.34195,0.4852,0.49695
7.51087,697.388,722.0313,0.11817,0.15743,0.81974
2.63197,442.972,443.42499,0.28232,0.35362,0.00864
2.42875,481.756,484.79161,0.29475,0.31414,0.05851
6.00409,448.444,449.3012,0.17486,0.19628,0.00779
2.50255,441.868,442.22255,0.12645,0.4409,0.00399
2.76067,767.884,828.82092,0.08055,0.06922,0.64245
9.02917,612.924,632.50068,0.15771,0.28094,0.7466
5.76559,696.996,703.91955,0.37357,0.30262,0.81106
8.17201,705.18,721.23554,0.14023,0.43301,0.7389
8.30899,494.116,501.7454,0.32737,0.30919,0.18561
4.17133,441.332,441.82638,0.10012,0.13936,0.00251
1.09279,459.028,459.72943,0.37328,0.35698,0.01764
7.81471,614.692,658.83667,0.06121,0.34663,0.65208
3.73159,546.012,557.36135,0.29478,0.40571,0.51693
8.98039,642.62,648.00665,0.37143,0.37774,0.83401
9.03547,711.636,719.44068,0.35594,0.07744,0.87525
9.14689,595.772,604.36381,0.2694,0.4669,0.7233
6.99139,476.148,480.00441,0.34243,0.21212,0.07119
1.70983,448.1,448.64232,0.0842,0.00828,0.00191
4.95415,578.828,589.62784,0.27382,0.40111,0.67403
5.38165,483.7,489.802,0.3045,0.05086,0.07633
1.49005,708.612,718.27591,0.29113,0.48044,0.5119
1.60075,724.828,748.87217,0.12302,0.41781,0.48329
9.84619,645.836,689.24916,0.07622,0.12114,0.78007
4.07593,482.644,486.75166,0.35855,0.25928,0.08815
2.00161,728.86,798.38606,0.05561,0.18178,0.58633
9.96229,697.78,707.35692,0.20622,0.49376,0.75164
7.02919,400.916,400.97002,0.22985,0.0443,0.00048
8.77843,719.644,782.08099,0.04792,0.10889,0.77815
6.23953,614.444,627.59706,0.27252,0.10884,0.81382
8.82325,524.388,558.3432,0.13544,0.18796,0.4076
1.67239,439.004,439.23982,0.04602,0.27245,0.00086
2.24425,779.436,795.73902,0.24781,0.30961,0.51135
7.60519,729.132,740.9823,0.2771,0.02272,0.86105
4.65769,705.228,721.92451,0.15435,0.4159,0.70069
4.33369,695.02,702.40925,0.34314,0.41355,0.7437
4.52773,700.164,710.36528,0.30412,0.14444,0.83393
7.17661,670.444,678.3907,0.31185,0.20111,0.85729
2.68453,431.972,432.22099,0.08191,0.0872,0.00098
2.94535,789.916,807.50366,0.3133,0.05508,0.69955
4.69225,452.876,454.05621,0.3212,0.01182,0.0136
5.08123,618.756,626.29968,0.38472,0.20058,0.82973
3.11509,487.172,493.23799,0.34092,0.01148,0.07915
5.45059,511.468,532.52059,0.28854,0.02418,0.33029
1.54063,570.596,583.95642,0.37102,0.16571,0.65186
1.32895,508.38,514.8087,0.37989,0.29382,0.17145
5.16097,480.452,484.78162,0.20669,0.2117,0.04903
7.67017,661.932,670.37007,0.29802,0.19236,0.85699
6.60169,683.964,702.57664,0.13931,0.2855,0.79495
8.57359,799.716,809.65833,0.39968,0.22768,0.71684
7.42555,539.972,549.59852,0.38023,0.35908,0.58295
7.81687,652.22,681.81248,0.07212,0.44784,0.68865
9.20593,638.148,643.59692,0.36452,0.39542,0.8272
1.58401,783.58,790.91235,0.3043,0.46432,0.25509
4.83445,457.452,458.95695,0.35392,0.04394,0.02019
1.50769,600.628,612.11152,0.34678,0.18654,0.74475
9.25327,608.428,618.14934,0.36351,0.06122,0.83923
7.29037,587.916,626.94936,0.05656,0.4708,0.51633
8.06491,412.764,412.86415,0.07846,0.14906,0.00043
4.50307,660.388,713.09231,0.05412,0.23562,0.72525
9.81037,445.356,446.1958,0.15085,0.11076,0.00574
9.75151,680.292,688.48895,0.27642,0.27645,0.84625
9.36217,409.436,409.50892,0.04482,0.06313,0.00018
9.47305,522.348,531.639,0.29973,0.47388,0.41574
9.37999,683.452,690.86688,0.29676,0.31643,0.83758
7.04971,437.892,438.40164,0.39384,0.25945,0.01102
6.99301,753.124,762.43483,0.39302,0.09082,0.82196
6.02677,790.236,831.5731,0.04152,0.49552,0.35093
8.00551,774.86,819.26271,0.05386,0.42944,0.52823
6.89023,645.172,651.59195,0.36474,0.26538,0.84762
4.93597,481.428,484.72985,0.28699,0.43412,0.08231
6.45031,758.98,773.7991,0.25362,0.14874,0.7803
2.66869,741.396,758.14322,0.28272,0.00892,0.78581
1.28881,644.876,654.94068,0.35104,0.14539,0.80578
5.35015,419.38,419.54542,0.17504,0.02744,0.00111
7.74541,489.316,497.99256,0.13052,0.12281,0.05639
6.65911,623.364,631.35559,0.38902,0.09371,0.85352
7.84387,773.124,786.76491,0.29612,0.03283,0.81786
6.16339,468.228,470.93296,0.25639,0.113,0.03061
1.64503,423.804,423.93527,0.32412,0.3519,0.00282
5.40361,653.244,729.73236,0.04082,0.10252,0.74861
9.39709,664.74,672.14205,0.24682,0.49078,0.78531
6.78691,645.66,652.11819,0.34584,0.31968,0.8353
3.47743,531.292,551.55362,0.14828,0.35278,0.31162
6.65659,746.98,755.39155,0.31145,0.48526,0.62539
4.11391,690.916,698.78366,0.29256,0.49788,0.69157
9.11845,527.676,545.50992,0.28673,0.19252,0.50342
5.04181,458.604,459.69181,0.24839,0.48978,0.02551
6.87241,564.132,583.65867,0.25842,0.1048,0.69313
5.73751,699.596,705.21983,0.39907,0.49364,0.71957
2.99305,444.636,445.23849,0.24598,0.1281,0.00658
6.16843,589.308,602.42264,0.19992,0.44882,0.66371
6.35077,635.324,652.58858,0.19551,0.11661,0.8177
5.68369,578.116,596.56905,0.273,0.04074,0.74612
4.14577,409.26,409.33909,0.21243,0.17057,0.00081
6.67081,506.364,514.21655,0.29195,0.45155,0.25508
6.24709,692.82,706.10027,0.18554,0.3553,0.77913
8.88031,525.388,544.14616,0.20536,0.30832,0.40949
8.16211,747.652,765.66942,0.16385,0.32522,0.73103
7.44193,734.22,781.4868,0.06921,0.12664,0.77336
8.12089,651.292,662.14571,0.19766,0.41384,0.78487
3.66517,454.052,454.88279,0.0479,0.03733,0.00204
4.58785,503.38,514.85827,0.19531,0.25288,0.1492
7.15825,408.604,408.66668,0.04375,0.17226,0.00018
7.43383,740.132,753.18774,0.18875,0.4843,0.64255
7.50727,660.956,667.56731,0.29726,0.43765,0.8041
5.29903,647.044,656.89433,0.309,0.07955,0.85892
1.83673,731.404,762.62621,0.15517,0.06464,0.72152
3.86713,797.892,825.15505,0.14132,0.30118,0.5261
5.73607,490.14,494.72265,0.31489,0.45794,0.1405
9.39853,436.388,436.80768,0.21247,0.45932,0.00779
7.14817,683.14,688.85882,0.38755,0.35492,0.82284
8.56387,778.276,789.20427,0.31001,0.31539,0.70403
2.18683,490.956,495.92876,0.1496,0.20442,0.04142
7.63687,688.404,699.64374,0.23075,0.20802,0.84233
4.49515,563.132,579.55839,0.16033,0.48388,0.50748
4.00645,558.796,577.44399,0.30735,0.0639,0.66667
4.09645,503.356,512.14583,0.36576,0.2636,0.22926
9.55081,422.54,422.72652,0.18012,0.46036,0.00298
1.32283,692.668,707.62678,0.30012,0.01577,0.79879
6.01867,590.788,635.01366,0.06143,0.38086,0.57119
7.46191,732.82,763.30282,0.08307,0.39691,0.67441
4.59685,623.396,631.05481,0.28741,0.44268,0.76658
4.05091,674.828,688.61755,0.20329,0.25206,0.80359
7.43005,699.916,711.72837,0.24586,0.07634,0.86465
6.25015,671.46,690.5772,0.15364,0.16165,0.82478
5.82931,759.964,802.31833,0.07749,0.28274,0.64689
3.57049,583.492,629.69274,0.04663,0.4526,0.45295
2.75869,592.868,611.93549,0.15402,0.41147,0.61533
7.18435,403.58,403.63915,0.1947,0.27282,0.00068
2.01349,526.516,547.39927,0.28333,0.06048,0.35657
9.95095,573.108,586.41472,0.36742,0.00962,0.78109
3.21445,726.892,748.04689,0.16566,0.27477,0.69778
2.04121,774.94,799.20013,0.18331,0.24045,0.54869
2.40175,744.764,761.43082,0.26855,0.15727,0.70897
2.32345,415.092,415.15134,0.04808,0.46053,0.00033
6.06421,722.236,729.15371,0.35952,0.4765,0.68515
9.15301,497.412,510.14687,0.34429,0.08518,0.22614
2.52379,768.836,799.62949,0.14777,0.18952,0.61538
1.84897,441.74,442.07131,0.04599,0.02969,0.00078
4.61305,488.076,494.44319,0.23944,0.16788,0.07848
3.22867,506.972,519.56641,0.12895,0.23556,0.10479
8.89255,727.82,734.88902,0.38228,0.29502,0.80413
7.07725,746.436,758.28945,0.27523,0.24182,0.77321
8.69923,583.628,594.77722,0.30085,0.27182,0.74555
2.99953,659.14,677.70964,0.1359,0.4017,0.71792
4.54501,700.532,750.06185,0.06513,0.15124,0.75814
1.06435,413.78,413.82733,0.12013,0.4922,0.00057
5.13991,659.316,724.93681,0.04856,0.11004,0.75802
4.72771,615.796,631.538,0.2445,0.08314,0.80496
2.78749,418.324,418.43871,0.27512,0.348,0.0021
1.69993,490.796,493.85015,0.17847,0.45421,0.05008
7.53679,685.364,692.12931,0.30275,0.46258,0.7761
6.91075,693.116,728.38686,0.09276,0.04636,0.82718
1.20385,583.404,616.54266,0.11724,0.28219,0.52929
7.35355,587.476,599.05397,0.25843,0.35574,0.7176
4.90051,635.676,645.94822,0.29378,0.15572,0.83498
1.57429,697.188,705.50057,0.39861,0.3695,0.66005
2.10025,686.06,699.78186,0.20687,0.4123,0.66849
1.97749,597.14,607.14684,0.25034,0.48485,0.64982
3.65437,654.676,671.92427,0.15879,0.30889,0.76981
7.39207,632.268,639.95252,0.32529,0.27335,0.8301
8.99011,791.084,831.51933,0.08152,0.29331,0.63577
2.66761,695.428,713.87061,0.19894,0.1013,0.80418
1.66357,539.148,562.37667,0.30823,0.00016,0.47283
7.84999,564.54,575.02812,0.32715,0.32956,0.68334
7.00309,565.972,584.21815,0.18541,0.3604,0.60566
5.01283,686.468,722.59749,0.06194,0.4256,0.66691
5.26879,641.116,654.37898,0.15548,0.49624,0.71786
2.00143,462.492,463.28248,0.0836,0.49464,0.00723
5.65381,789.124,811.34945,0.15944,0.33636,0.58792
1.44721,527.068,537.52617,0.2177,0.40604,0.22508
3.28537,791.828,806.62186,0.36874,0.04792,0.71576
5.05171,512.78,538.5116,0.22419,0.02644,0.3138
4.84255,457.212,458.43226,0.18821,0.27798,0.0139
8.90119,616.396,622.41588,0.34369,0.4417,0.79024
7.21675,504.452,515.63823,0.15063,0.383,0.1507
1.97011,669.196,690.75583,0.10943,0.48772,0.60393
8.53057,609.044,645.74217,0.10122,0.16291,0.73338
5.91085,615.428,629.24851,0.17358,0.44629,0.7093
2.54665,615.468,633.37744,0.20343,0.20456,0.74973
8.25193,484.668,491.8661,0.26055,0.08918,0.08394
7.88851,793.156,894.19407,0.04003,0.05042,0.65961
9.13267,610.404,619.03887,0.24755,0.48068,0.74002
6.04549,718.388,735.82495,0.16081,0.32621,0.74987
2.09575,747.612,775.35459,0.1143,0.38074,0.48536
4.03525,402.012,402.06256,0.24284,0.10896,0.00052
4.63105,529.82,547.96351,0.18096,0.35452,0.35704
3.91843,447.676,448.42968,0.14624,0.08456,0.00479
1.90117,601.948,619.07323,0.27339,0.06868,0.75573
5.06773,654.268,705.07217,0.06467,0.13001,0.76422
4.43197,622.412,672.73147,0.07618,0.10562,0.73781
6.64813,530.372,542.31495,0.33408,0.32702,0.49594
3.89611,658.372,685.43647,0.09058,0.3968,0.7032
8.00209,570.476,614.87309,0.10864,0.0932,0.66818
3.65023,470.124,472.53538,0.27299,0.16198,0.03156
1.57213,434.5,434.77504,0.20197,0.06838,0.00225
2.44495,675.236,713.40906,0.1038,0.01546,0.79854
3.54367,716.492,761.66239,0.07913,0.16226,0.72881
2.13805,773.564,789.2182,0.34898,0.07645,0.68809
8.04043,783.26,790.58463,0.37653,0.4912,0.55211
2.63917,637.18,682.26667,0.06631,0.28719,0.67889
4.45231,583.716,592.68898,0.33278,0.36742,0.71567
5.49973,634.852,657.42971,0.13885,0.22824,0.77076
3.14893,557.9,579.36852,0.27499,0.0669,0.63432
4.04785,426.628,426.86962,0.23769,0.08158,0.00235
9.85933,742.428,788.10811,0.06229,0.2374,0.74152
2.98405,679.316,692.16448,0.20878,0.38022,0.73436
6.84919,551.956,572.49743,0.19094,0.30492,0.56004
9.75889,741.388,762.72102,0.15627,0.01988,0.84921
8.16247,473.548,477.26808,0.09311,0.01177,0.01448
1.89667,479.388,482.13271,0.14912,0.17274,0.02107
1.90927,442.252,442.67987,0.22102,0.18914,0.00472
2.15029,565.452,605.03115,0.10315,0.24667,0.50659
4.72231,524.26,537.22507,0.3729,0.22682,0.45023
7.93873,774.484,784.88347,0.32072,0.33507,0.69234
4.46995,695.964,708.43322,0.19295,0.45826,0.69959
7.64389,486.844,491.28633,0.07719,0.44422,0.03483
5.24305,679.564,693.90335,0.18004,0.3079,0.79289
7.13917,708.42,724.26915,0.19771,0.03878,0.85928
7.21171,657.412,664.64264,0.26912,0.45992,0.79068
2.51677,532.036,584.40613,0.0531,0.22922,0.26137
2.53081,678.388,759.65459,0.04684,0.02286,0.7429
5.62105,649.308,680.94251,0.11171,0.08376,0.80158
1.75033,477.084,479.75609,0.26975,0.08586,0.03022
6.16645,483.3,488.28921,0.39469,0.22835,0.11371
9.50851,648.308,656.10891,0.25947,0.41577,0.80656
6.41575,779.732,790.44815,0.36937,0.21562,0.72677
1.77517,673.004,696.72209,0.17263,0.01257,0.8107
3.55861,561.188,575.84419,0.28859,0.26027,0.62393
9.82819,606.188,617.8714,0.24243,0.31899,0.76674
6.85171,418.236,418.35402,0.04142,0.03627,0.00026
6.64075,548.068,575.02684,0.21563,0.07631,0.6138
9.39457,690.124,697.31025,0.36244,0.0527,0.88983
4.67911,466.468,468.48034,0.37336,0.2654,0.04326
8.29261,480.324,483.67513,0.32057,0.48434,0.10715
1.87237,556.556,578.8499,0.16903,0.32129,0.45593
3.28105,531.748,545.12318,0.34227,0.25437,0.45762
4.13983,777.428,794.43233,0.18345,0.41828,0.50665
5.96809,404.164,404.22097,0.39682,0.439,0.00179
2.38015,548.884,568.61288,0.14151,0.42338,0.37254
8.86249,405.316,405.37875,0.19423,0.46956,0.00109
1.12195,623.444,706.60374,0.04421,0.14014,0.64075
1.60327,672.364,713.96497,0.08585,0.2034,0.70227
3.71881,755.452,775.99673,0.17709,0.30639,0.63725
1.91755,619.292,653.32365,0.10624,0.23729,0.68352
2.79415,538.5,565.66395,0.18446,0.17214,0.43497
3.63241,722.532,750.02968,0.11337,0.33063,0.66901
6.51655,649.9,657.93147,0.26668,0.39724,0.80312
4.97377,681.06,686.67116,0.39111,0.46341,0.75772
9.28171,763.404,777.89462,0.22162,0.27382,0.75109
3.06595,474.572,477.07943,0.23252,0.27444,0.03506
1.78435,682.036,695.23206,0.27245,0.17668,0.78029
5.12389,429.164,429.43705,0.34779,0.3148,0.00582
8.29063,536.236,558.71984,0.21287,0.21387,0.51893
7.32691,579.62,587.5784,0.33201,0.4285,0.7101
4.09537,569.764,603.61316,0.06589,0.47462,0.42377
9.26407,785.788,818.12556,0.12103,0.112,0.75968
2.35945,796.436,820.80102,0.23325,0.07984,0.63615
5.52817,426.14,426.38821,0.36555,0.20993,0.00453
7.76845,569.812,581.97315,0.37026,0.1106,0.751
4.08079,747.14,759.77592,0.31379,0.1653,0.75821
7.68187,700.556,712.97571,0.21944,0.18368,0.84045
4.51891,710.388,723.00563,0.27222,0.05214,0.84394
7.75855,475.612,478.4806,0.18899,0.45841,0.04998
5.46823,663.34,670.51073,0.30136,0.40412,0.7992
3.82951,559.556,571.52955,0.34717,0.26288,0.64534
6.50539,707.636,721.99983,0.15806,0.4749,0.69697
9.43885,757.948,768.9893,0.23918,0.45388,0.66239
3.37483,794.196,808.17927,0.26946,0.34738,0.50661
3.28969,593.084,601.21903,0.34963,0.37362,0.73284
8.68573,679.22,685.01447,0.39977,0.20218,0.87034
7.50349,446.316,447.14442,0.35243,0.24558,0.01579
2.11699,793.148,802.67192,0.32224,0.41074,0.35933
3.65005,473.076,475.60179,0.23109,0.26301,0.03433
6.92119,445.412,446.04669,0.3064,0.47578,0.01731
3.47401,729.06,737.66282,0.3517,0.42014,0.63973
3.88999,568.108,602.3352,0.06703,0.4637,0.4201
1.48969,729.9,752.94704,0.19146,0.20656,0.64305
7.44211,759.636,769.37452,0.36453,0.1848,0.78564
1.89703,429.628,429.77591,0.09465,0.48384,0.00145
7.18849,465.124,467.71212,0.31018,0.0094,0.02922
2.53153,505.628,513.49124,0.09847,0.36895,0.06535
8.26345,781.876,794.93514,0.26153,0.32366,0.68348
9.06895,525.18,547.02499,0.14448,0.3548,0.34867
4.95073,726.708,787.64002,0.04129,0.34863,0.59983
3.49849,553.468,561.1222,0.37375,0.46984,0.57982
9.64441,719.932,729.67937,0.25923,0.31694,0.80331
4.28617,509.724,519.95887,0.28629,0.33044,0.24873
4.30381,799.884,815.99297,0.24251,0.3206,0.55025
6.12019,411.22,411.32035,0.22514,0.14497,0.00104
1.74745,566.516,579.00613,0.37441,0.20758,0.63801
1.62289,476.548,478.09736,0.36211,0.49252,0.05344
7.93351,701.708,724.05884,0.09064,0.49561,0.6817
3.31723,411.748,411.83506,0.15248,0.08302,0.00057
9.13555,530.3,544.02774,0.32362,0.2706,0.52447
9.24409,625.644,634.43954,0.36028,0.06053,0.85929
8.22403,609.684,624.40919,0.24656,0.12145,0.80302
2.05669,667.204,679.27821,0.26368,0.22614,0.7886
7.48549,540.188,558.28553,0.25093,0.24568,0.5477
4.79521,451.9,452.62644,0.14808,0.49722,0.01078
4.62997,453.676,454.36212,0.05161,0.42045,0.00368
9.13699,596.212,607.2399,0.23382,0.41806,0.7201
6.34663,567.212,595.44091,0.15352,0.20998,0.63085
8.38603,633.02,640.8252,0.27865,0.39656,0.80037
4.43179,703.5,743.80768,0.07889,0.19033,0.75469
2.68471,629.476,638.09247,0.30326,0.34597,0.7805
3.90223,505.204,522.86103,0.16129,0.07078,0.13774
6.63229,795.052,808.81058,0.27922,0.29285,0.64959
1.78975,726.62,736.87647,0.35009,0.35948,0.6007
4.20013,720.076,736.91726,0.20537,0.17374,0.78597
2.54179,450.372,451.18725,0.29777,0.06444,0.00953
2.15479,634.612,652.65407,0.13952,0.43855,0.67719
7.44517,710.308,719.91865,0.26705,0.32526,0.79526
5.85253,741.892,750.79663,0.33149,0.39714,0.68846
2.71657,421.412,421.53505,0.33289,0.48838,0.00369
5.61205,447.132,447.94079,0.32438,0.22248,0.01363
5.61889,658.22,665.42042,0.28873,0.43186,0.79189
3.28375,761.612,816.17498,0.07199,0.20554,0.5988
4.02751,702.06,709.30787,0.34149,0.48031,0.68067
3.56473,776.42,808.39338,0.14986,0.10504,0.68966
2.44639,539.468,558.49413,0.37466,0.0075,0.54322
5.69449,628.548,636.89335,0.27472,0.39638,0.7854
8.15941,753.988,771.4247,0.1863,0.24173,0.76267
6.65749,545.348,558.60084,0.26842,0.36995,0.55003
